1,3,4,6,7,8
2,4,5,6,6,9
1,4,6,6,7,9
2,3,5,6,6,9
1,4,4,6,7,9
1,3,4,6,7,8
2,4,5,6,6,9
1,4,6,6,7,9
2,3,5,6,6,9
1,4,4,6,7,9
1,3,4,6,7,8
2,4,5,6,6,9
1,4,6,6,7,9
2,3,5,6,6,9
1,4,4,6,7,9
1,3,4,6,7,8
2,4,5,6,6,9
1,4,6,6,7,9
2,3,5,6,6,9
1,4,4,6,7,9
1,3,4,6,7,8
2,4,5,6,6,9
1,4,6,6,7,9
2,3,5,6,6,9
1,4,4,6,7,9
1,3,4,6,7,8
2,4,5,6,6,9
1,4,6,6,7,9
2,3,5,6,6,9
1,4,4,6,7,9
1,3,4,6,7,8
2,4,5,6,6,9
1,4,6,6,7,9
2,3,5,6,6,9
1,4,4,6,7,9
1,3,4,6,7,8
2,4,5,6,6,9
1,4,6,6,7,9
2,3,5,6,6,9
1,4,4,6,7,9
1,3,4,6,7,8
2,4,5,6,6,9
1,4,6,6,7,9
2,3,5,6,6,9
1,4,4,6,7,9
1,3,4,6,7,8
2,4,5,6,6,9
1,4,6,6,7,9
2,3,5,6,6,9
1,4,4,6,7,9
1,3,4,6,7,8
2,4,5,6,6,9
1,4,6,6,7,9
2,3,5,6,6,9
1,4,4,6,7,9
1,3,4,6,7,8
2,4,5,6,6,9
1,4,6,6,7,9
2,3,5,6,6,9
1,4,4,6,7,9
1,3,4,6,7,8
2,4,5,6,6,9
1,4,6,6,7,9
2,3,5,6,6,9
1,4,4,6,7,9
